Variable Dimension Timings
Grid Dimensions:2048x2048
Block Dimensions:8x8
CPU Threads:16

Dimension CPU Time(micro seconds) GPU Time(micro seconds)
     1000                 12701.0                7.202464
     2000                 44353.0                 7.20352
     3000                 74504.0                 7.20448
     4000                 98933.0                7.258944
     5000                152932.0                7.807104
     6000                233204.0                 8.59408
     7000                287898.0                9.498432
     8000                373787.0               10.693664
     9000                468346.0               12.213536
    10000                571603.0                13.65728
    11000                704709.0               15.430912
    12000                827351.0               17.614559
    13000                965096.0               20.090816
    14000               1126890.0                22.44784
    15000               1328785.0               25.174335
    16000               1472534.0               28.592512
    17000               1656345.0               31.578976
    18000               1849588.0               35.517696
    19000               2055705.0               36.850334
    20000               2298205.0               43.138943
    21000               2510929.0               48.175362
    22000               2764984.0               48.319008
    23000               3054881.0               57.451138
    24000               3295042.0               63.131775
    25000               3684952.0               67.638817
    26000               3879035.0               72.980545
    27000              10174202.0               75.130814
    28000              14339083.0               85.114655
