Grid Size Data
Image Dimensions:20480x20480
Block Dimensions:8x8
Grid range:0 to 16

Grid size Time(microseconds) Dimension
        1             2348.5     20480
        2         586.683228     20480
        4          150.30983     20480
        8          69.208672     20480
       16          57.153118     20480
       32          62.112545     20480
       64          58.508961     20480
      128          55.914177     20480
      256          51.360096     20480
      512          45.187424     20480
     1024          47.160927     20480
     2048          45.379105     20480
     4096          49.238113     20480
     8192         138.547943     20480
    16384         415.967041     20480
    32768        1483.722534     20480
